500	9806
1	346
1	494
1	334
4	269
4	396
5	8
3	121
4	105
1	405
9	14
11	244
5	489
10	458
6	348
14	439
14	111
7	211
8	126
13	465
5	394
10	328
3	351
7	65
10	79
17	101
22	245
22	163
3	347
26	274
16	444
2	417
31	209
18	33
2	173
10	155
27	396
32	398
26	364
18	209
21	107
9	210
11	286
30	486
2	110
6	474
31	181
5	139
46	207
10	334
35	452
27	278
12	426
44	246
4	331
15	212
38	384
9	440
42	282
55	68
53	448
32	25
17	77
37	123
28	275
9	142
26	342
14	63
1	87
28	285
29	67
25	171
68	350
29	487
23	224
60	101
37	401
11	140
20	286
12	464
65	179
38	386
26	155
63	289
2	357
75	432
8	404
43	204
24	88
21	340
29	220
85	76
42	212
93	51
37	433
72	368
95	455
32	288
52	17
97	199
12	469
6	305
38	44
37	48
70	103
7	365
20	61
104	482
79	7
70	484
4	500
48	45
16	5
87	240
91	247
21	156
77	272
64	45
25	435
96	154
30	457
81	399
116	432
13	251
70	359
31	98
74	460
111	386
113	494
66	457
69	380
46	453
72	131
112	467
112	388
44	316
16	262
55	65
1	362
39	359
50	333
24	386
38	395
89	114
10	307
135	67
118	324
112	7
131	41
65	214
123	402
59	486
53	97
99	422
55	18
130	287
109	459
110	407
123	285
6	208
43	365
136	362
77	297
32	197
30	325
141	498
40	104
137	175
13	373
43	262
61	93
76	121
169	248
11	456
106	451
133	92
10	260
73	127
89	283
43	9
38	124
46	179
115	328
84	45
131	93
39	249
128	160
149	312
95	129
113	238
48	335
142	75
139	279
171	376
23	176
13	83
104	198
174	214
99	236
150	451
70	475
179	123
83	303
46	161
65	387
88	197
140	332
143	441
89	279
116	243
101	371
35	165
125	410
182	69
214	100
26	162
81	4
154	152
35	199
143	435
7	105
112	470
155	176
109	261
87	186
219	158
223	274
136	341
65	431
106	285
38	452
51	419
62	282
100	266
196	144
156	367
58	478
219	464
228	460
179	80
31	454
47	361
204	302
91	253
18	201
202	315
37	295
133	145
204	479
235	349
40	139
147	403
62	253
231	246
93	498
216	99
107	275
157	69
219	232
236	356
38	366
115	462
33	3
46	195
5	277
188	77
207	383
49	307
137	248
141	288
100	146
126	370
197	137
228	222
266	183
234	73
63	406
243	67
66	307
138	106
145	435
215	298
168	171
187	54
239	240
210	258
35	147
154	185
63	103
239	86
39	19
230	99
34	276
144	490
16	251
248	252
183	485
70	309
263	320
64	215
187	62
38	436
140	257
119	149
125	395
212	446
272	270
100	353
98	473
127	485
257	120
272	213
122	198
248	154
70	312
153	327
147	425
268	376
293	176
89	95
10	57
169	206
216	472
124	476
58	66
192	4
258	221
105	427
76	94
265	351
141	426
174	336
100	300
8	492
12	326
314	356
315	470
211	118
67	60
283	320
284	320
228	143
173	459
338	240
83	323
158	132
341	423
178	267
331	255
72	317
266	170
99	20
116	499
91	132
205	218
34	311
290	431
18	110
185	416
286	321
244	466
76	496
338	306
179	308
209	333
320	463
170	90
173	71
125	292
367	397
75	203
360	272
211	377
91	390
72	493
165	241
71	218
51	358
35	227
301	74
149	153
277	414
223	148
42	47
27	182
213	287
60	393
11	389
213	391
338	273
2	330
327	424
170	421
314	164
125	322
311	256
176	318
377	217
214	235
252	190
330	82
154	420
243	178
277	411
321	193
239	194
63	491
358	319
31	447
391	208
55	108
31	429
17	242
340	296
170	418
233	347
158	172
80	22
21	200
7	256
157	471
58	160
244	355
368	281
324	413
57	488
230	310
254	248
259	408
393	434
405	385
273	259
142	490
408	375
390	36
360	497
174	167
393	345
392	405
149	271
431	339
105	354
365	226
365	304
425	313
392	191
346	166
265	363
389	400
18	409
278	428
205	438
284	477
4	177
108	495
261	229
186	378
304	117
82	468
270	180
44	461
139	337
234	299
60	445
220	78
391	481
453	369
224	372
172	280
218	450
168	151
250	166
430	392
198	102
139	382
399	381
90	237
21	189
137	134
407	294
172	291
410	483
6	412
211	437
121	329
174	415
357	443
154	159
282	225
213	184
26	343
384	352
157	480
170	264
471	344
150	56
35	379
412	449
59	442
364	374
160	258
224	285
267	294
442	10
298	206
340	377
263	248
123	162
322	52
83	183
12	16
11	191
384	53
455	375
406	183
129	228
480	227
381	426
150	155
214	461
138	360
168	94
381	320
275	52
97	283
227	347
400	415
282	40
71	373
196	115
90	309
485	366
235	345
148	335
41	338
490	387
339	88
108	160
121	308
1	28
458	114
491	198
363	143
397	326
263	279
306	148
427	235
92	6
156	35
482	495
447	242
334	182
272	162
305	30
34	85
378	89
398	88
306	181
144	35
420	351
112	182
58	269
288	355
152	461
244	357
401	160
62	160
254	131
272	397
1	224
284	340
200	333
304	373
388	168
296	276
141	410
44	125
147	342
362	170
307	172
320	378
262	311
170	490
205	122
351	421
469	90
452	30
445	476
433	73
98	405
107	277
471	87
93	388
113	350
319	131
76	455
468	250
370	192
452	75
220	266
447	474
115	473
5	1
73	319
412	154
14	386
57	363
351	425
169	385
413	270
288	446
274	437
15	368
359	441
268	171
385	332
391	166
99	414
215	197
344	372
61	341
437	34
456	457
11	350
50	432
278	203
482	58
124	102
175	123
11	231
260	473
420	22
316	150
218	144
247	366
198	336
106	50
245	79
132	437
327	51
481	437
101	238
35	282
73	414
242	75
187	208
480	321
300	246
227	32
463	381
218	387
188	211
58	95
252	191
456	183
388	458
13	11
445	462
266	118
168	314
126	84
196	105
354	332
261	378
419	422
274	423
384	220
464	304
26	418
28	431
404	84
150	162
187	419
396	388
368	183
363	440
328	207
61	78
444	201
406	31
177	319
74	459
408	66
475	393
337	423
51	247
165	143
134	294
67	163
485	380
173	367
405	204
306	195
253	63
258	204
209	320
112	152
5	297
291	8
270	488
380	440
55	170
263	104
190	491
276	134
424	422
224	341
142	488
76	192
498	455
177	357
401	367
57	44
154	329
281	370
263	142
31	463
451	354
433	328
272	321
391	153
177	350
366	386
22	442
177	307
163	467
453	61
118	294
403	279
57	334
425	57
436	71
457	180
134	337
248	182
394	160
83	3
156	119
422	296
57	187
138	307
403	431
13	187
61	159
67	337
270	481
251	52
64	30
118	205
450	12
224	114
174	351
281	92
453	342
321	174
92	80
315	388
252	31
193	492
492	56
221	395
225	291
392	79
326	281
464	84
458	159
248	349
59	208
132	60
180	447
166	205
337	246
283	442
297	375
203	470
312	85
292	252
374	98
388	479
200	50
500	288
166	141
116	226
364	45
381	208
361	250
434	347
69	52
446	22
2	387
425	468
449	48
37	173
350	198
418	367
493	34
457	218
298	444
265	325
435	219
260	495
5	187
9	106
128	60
429	143
83	110
383	103
468	15
431	384
35	205
339	439
149	237
157	200
330	474
307	306
251	18
24	346
66	81
450	102
491	144
416	446
472	245
474	309
227	296
279	240
458	81
110	399
372	362
376	261
382	420
225	142
88	233
453	343
217	306
421	193
428	106
346	70
49	308
269	97
188	433
68	286
204	447
136	32
2	351
219	314
94	394
412	80
90	430
352	268
347	424
263	53
313	291
452	11
411	471
481	487
177	206
419	268
463	7
424	469
211	146
278	277
251	128
399	217
465	139
317	293
58	84
456	470
348	10
453	497
100	490
230	348
284	401
403	89
449	353
195	315
235	428
436	153
423	437
127	192
21	361
431	320
136	53
387	202
339	313
130	417
145	276
275	91
35	73
154	81
89	429
237	289
178	149
334	214
95	295
176	153
399	404
339	147
116	221
317	359
421	250
19	86
255	94
285	172
184	441
21	40
222	66
317	387
208	461
171	89
200	488
33	96
337	8
173	497
481	326
450	360
294	378
179	16
120	60
299	91
422	34
454	155
478	450
272	417
326	20
136	369
188	229
326	330
372	184
124	291
397	265
325	170
257	453
194	380
150	410
266	429
433	116
353	310
360	383
149	268
130	253
208	110
425	314
92	438
409	182
140	144
11	18
194	28
212	271
442	45
199	268
310	309
73	419
213	315
160	290
101	67
285	57
356	457
258	390
7	84
182	216
158	64
223	417
414	290
354	96
284	271
73	110
194	400
458	410
251	412
314	214
223	326
92	296
376	89
482	31
386	209
261	311
210	24
77	218
17	320
283	427
379	319
327	31
286	449
340	99
475	268
242	53
484	66
377	374
51	42
343	355
222	332
44	154
315	118
101	492
406	295
359	37
173	304
196	480
167	248
303	192
148	480
116	321
492	350
70	163
457	49
336	407
147	285
33	243
482	213
39	433
162	202
347	166
102	74
366	61
253	133
227	134
94	70
20	423
262	322
234	2
428	268
369	315
396	409
58	4
46	26
119	155
4	74
269	290
395	137
272	194
171	485
396	408
394	29
22	115
451	207
193	40
317	94
370	94
185	391
17	407
100	475
481	54
25	22
322	389
72	162
30	222
154	31
355	432
116	466
370	5
390	200
138	89
275	4
411	114
31	195
173	118
492	171
18	452
261	434
462	446
372	280
204	307
341	275
282	160
155	459
296	125
52	149
131	37
204	480
84	361
466	402
86	113
361	154
300	56
119	10
282	415
363	284
378	495
49	266
190	18
164	243
285	286
12	142
27	168
300	161
393	176
53	294
452	34
371	393
152	121
147	263
436	250
103	161
281	455
430	131
156	432
51	18
195	493
291	80
14	341
248	347
94	323
69	310
263	60
443	247
311	60
303	16
414	412
205	59
159	243
79	43
354	67
15	145
408	334
316	442
148	118
292	303
123	346
197	123
111	106
57	76
495	173
448	137
70	328
276	322
405	230
269	216
294	90
12	375
250	17
120	485
317	61
431	184
401	248
226	491
188	325
144	365
142	344
357	39
58	200
210	455
431	446
339	180
83	371
291	460
267	370
411	311
438	203
457	379
26	83
387	481
250	105
1	293
403	76
404	444
361	426
159	389
330	269
109	42
392	316
356	45
182	72
304	35
365	383
152	130
120	289
18	437
386	337
376	236
109	495
141	159
367	179
68	288
176	200
5	419
495	70
270	433
238	228
288	78
179	107
86	183
177	195
128	284
50	151
344	463
114	111
297	493
455	135
405	173
495	127
89	6
495	245
318	392
57	222
258	446
132	149
391	174
483	445
139	257
263	177
201	473
145	21
435	108
179	438
393	63
489	254
101	311
60	457
75	118
314	130
19	186
273	58
152	433
500	374
343	368
110	248
304	390
218	477
333	439
350	468
49	334
384	476
190	386
262	93
446	200
329	112
282	122
248	314
280	454
142	368
439	210
309	272
265	70
261	314
368	3
184	108
144	95
83	470
340	96
165	207
250	225
406	180
364	195
271	205
177	424
304	465
36	150
378	53
487	494
454	490
330	91
425	15
475	381
438	336
14	348
5	193
440	370
65	1
293	84
153	219
68	460
114	404
432	203
399	373
157	347
183	307
186	277
397	120
284	294
12	363
46	112
420	78
274	96
164	317
305	347
135	105
279	427
95	197
186	33
148	312
178	82
495	335
177	22
255	472
407	416
312	404
153	28
153	417
217	69
53	466
205	87
118	63
161	167
10	332
422	396
479	378
345	11
277	368
407	114
417	490
306	126
27	315
288	44
360	151
295	180
141	380
160	133
49	271
467	300
329	425
251	344
124	31
130	301
145	213
484	116
274	421
465	235
452	448
16	466
284	473
354	76
248	487
114	453
214	287
137	196
93	369
385	201
338	195
258	278
392	186
117	401
243	174
13	408
481	272
162	332
194	2
227	455
138	61
39	289
392	137
60	80
89	402
136	491
169	187
399	348
450	416
344	42
299	352
364	465
186	262
488	455
381	54
195	167
177	84
239	80
185	5
374	296
442	7
112	277
155	54
175	308
426	110
39	344
139	255
347	42
12	474
20	115
430	106
216	221
144	187
422	1
453	2
364	308
183	45
57	92
121	468
456	38
265	484
404	158
250	75
274	163
115	9
148	363
181	61
272	405
221	243
324	269
82	436
102	199
21	122
243	205
190	66
296	306
122	335
413	201
406	471
218	242
330	185
229	19
21	198
500	202
13	32
441	43
73	443
267	421
346	153
467	411
425	35
258	306
161	174
164	484
217	231
490	433
157	139
498	9
73	166
447	330
425	478
233	488
475	326
410	438
302	447
123	227
365	431
376	13
388	252
62	132
132	59
238	314
480	218
366	218
287	491
431	435
61	262
143	362
494	61
78	214
452	62
80	434
47	156
17	189
493	253
191	354
328	459
411	198
325	418
34	30
167	478
3	135
19	46
154	149
224	444
306	332
430	281
18	149
351	423
433	340
74	205
160	249
160	55
133	245
207	471
197	25
236	319
312	97
500	492
500	102
283	122
39	224
474	89
178	112
141	332
479	289
130	104
101	345
163	55
399	353
314	380
105	408
236	22
421	26
233	197
209	60
466	401
324	63
150	438
56	293
265	138
187	433
225	485
169	135
163	54
345	4
362	387
266	383
50	250
332	479
349	333
334	363
284	435
154	368
360	320
135	94
215	147
463	414
487	353
313	2
359	269
52	257
435	162
445	276
350	289
385	21
275	3
183	207
199	1
160	471
102	462
496	306
271	317
384	255
413	180
469	294
239	36
436	448
182	222
198	381
489	273
365	296
41	85
87	57
154	227
347	481
442	62
170	185
125	497
173	220
293	478
96	483
203	43
356	458
349	479
104	417
229	227
428	490
238	421
171	233
41	360
395	85
43	50
286	148
185	119
420	422
56	227
482	42
367	97
313	14
285	152
499	228
391	491
137	373
325	128
46	17
468	38
355	247
169	399
156	306
75	235
161	248
194	106
368	66
331	164
178	121
134	431
281	427
439	60
465	220
96	22
421	123
491	247
492	244
148	281
455	200
404	16
37	399
264	140
322	348
143	254
36	57
409	470
331	249
322	320
255	388
406	227
188	190
150	96
369	431
140	371
79	260
458	23
132	153
420	481
167	142
31	304
39	488
452	234
328	126
434	237
260	312
443	298
66	250
165	313
31	208
405	83
450	420
475	133
133	300
188	357
216	331
243	102
173	83
202	151
176	436
263	296
31	104
9	478
393	251
35	99
277	468
209	411
405	244
386	464
376	24
207	19
269	457
79	220
177	379
13	285
266	284
254	53
352	139
64	58
244	85
454	36
299	190
330	476
451	359
168	198
8	459
32	85
378	43
45	283
2	258
352	183
6	193
285	476
467	375
47	241
454	318
237	232
220	99
53	30
32	335
112	214
390	343
477	410
181	469
164	80
245	42
122	244
413	393
303	367
443	367
355	69
414	238
249	403
119	423
125	329
391	48
489	103
232	278
146	478
123	6
471	256
202	22
273	368
370	95
408	352
346	184
100	474
464	401
253	220
68	307
185	176
234	275
424	367
3	260
420	150
115	69
290	478
229	37
150	7
93	431
213	29
359	174
397	189
418	457
397	72
244	103
174	137
404	74
247	193
310	305
427	88
446	299
200	357
168	462
106	366
327	385
41	202
316	229
28	483
353	338
194	271
209	340
410	345
87	264
115	76
263	37
500	444
408	270
82	443
198	173
185	362
41	268
51	76
47	228
53	423
207	343
406	58
491	207
67	13
71	171
164	103
486	8
175	265
119	152
146	488
24	321
17	265
112	254
258	490
491	186
152	428
35	33
46	319
420	202
228	242
15	474
326	367
394	198
240	184
306	395
206	480
302	59
177	200
251	254
45	290
41	279
417	111
266	279
224	143
280	60
497	249
23	122
401	232
391	248
127	258
367	259
440	178
283	394
261	215
383	29
326	54
381	147
192	168
235	498
385	158
184	402
158	73
305	417
485	494
210	261
56	321
343	314
58	311
172	334
9	174
36	382
184	368
485	55
269	147
455	381
305	460
268	282
443	173
474	166
310	256
303	466
159	401
413	446
135	343
268	243
413	60
194	282
88	266
41	236
93	416
191	447
336	92
289	257
173	56
181	357
53	112
166	314
311	242
324	486
145	14
359	491
106	120
212	168
274	2
55	379
455	327
101	342
233	263
448	391
164	200
113	252
300	416
97	159
362	480
152	50
397	260
125	147
195	408
102	346
329	111
390	207
164	69
208	33
50	238
487	275
281	1
390	3
413	202
343	264
360	496
355	388
237	142
336	377
105	476
97	347
210	69
156	123
93	182
473	55
347	421
387	233
46	239
329	48
157	406
411	457
441	4
257	379
21	124
23	473
44	358
25	343
254	61
101	415
481	14
387	401
437	68
500	366
121	198
270	329
475	388
254	414
377	414
11	63
18	58
395	112
321	52
472	203
12	86
76	344
327	76
228	193
346	322
85	49
193	397
76	446
26	324
428	320
4	411
25	176
478	111
263	441
306	99
80	258
19	34
110	284
37	458
264	246
51	216
79	274
121	361
404	389
420	45
200	170
490	183
194	115
103	376
384	457
8	238
249	232
225	179
139	390
310	178
92	304
477	367
253	310
491	350
165	384
248	5
407	272
336	385
243	239
307	297
118	466
195	251
136	46
97	114
238	123
482	29
260	76
262	8
324	199
326	92
260	46
317	6
96	15
408	410
152	300
492	402
268	286
308	384
456	279
15	87
391	493
148	39
143	393
300	266
147	336
410	123
184	456
385	437
188	62
372	423
387	15
468	374
475	349
313	354
183	243
342	198
455	319
42	471
374	51
126	348
487	386
163	375
154	85
155	109
242	121
490	54
479	259
301	251
358	93
12	417
42	106
160	435
227	327
108	274
295	385
480	331
301	123
177	369
47	188
495	213
128	171
478	336
2	187
374	272
71	29
55	269
496	369
47	449
368	145
26	215
437	230
176	40
286	136
197	188
287	205
212	416
193	478
31	191
154	486
492	418
34	291
95	230
327	148
423	130
331	186
59	435
43	152
436	142
37	179
493	246
169	205
4	163
223	382
331	159
203	73
106	279
279	429
147	60
485	399
453	26
252	461
157	279
241	217
200	118
29	170
399	490
425	99
64	339
201	455
40	313
113	98
97	327
150	279
386	80
41	478
35	48
280	269
400	89
271	363
100	180
201	99
321	279
446	450
301	134
235	399
328	224
188	142
33	85
322	211
179	10
473	100
213	21
283	162
95	341
218	459
194	428
386	36
293	347
423	110
366	497
498	146
29	184
341	369
332	5
176	395
190	266
313	352
319	205
483	4
427	22
3	243
162	477
431	338
441	281
51	487
300	304
357	51
339	137
4	212
280	110
308	305
420	256
153	269
32	157
473	292
301	147
401	296
122	171
220	443
51	381
357	14
250	226
96	102
114	349
32	309
22	87
375	426
391	1
408	315
277	30
289	205
351	250
186	355
399	57
170	246
109	247
86	368
98	59
323	218
121	498
455	308
49	474
498	40
38	430
239	27
422	179
388	216
419	96
424	350
326	438
463	197
474	471
307	483
477	140
342	137
498	288
222	363
71	403
80	416
109	294
308	295
218	313
9	121
34	279
188	496
125	108
69	187
147	253
170	459
458	488
54	341
340	170
113	226
129	413
266	7
287	493
54	261
434	305
107	99
311	446
495	61
343	384
106	389
465	474
261	188
360	479
329	224
434	412
211	31
130	132
97	82
35	409
248	335
100	265
428	255
239	253
497	84
321	205
72	167
476	288
37	29
456	418
446	260
238	363
432	187
42	117
363	225
147	240
496	130
36	425
127	10
213	473
411	111
386	475
17	397
295	165
251	116
310	499
204	350
352	413
59	106
358	83
38	444
131	493
465	493
49	479
344	133
38	117
283	420
159	27
371	146
483	117
253	315
45	385
353	210
285	269
174	435
94	478
77	330
368	453
459	314
276	53
167	55
425	45
263	260
52	352
313	68
7	270
265	231
5	161
52	407
149	408
456	60
253	106
115	132
110	251
310	179
341	430
132	55
191	430
61	383
464	138
238	201
476	458
301	472
96	77
249	203
267	160
168	272
274	147
52	295
254	449
391	323
259	300
327	451
259	312
356	2
260	438
101	165
479	113
475	344
268	404
68	360
474	409
159	172
157	128
494	37
55	184
366	406
284	275
271	136
499	5
175	487
402	291
75	345
245	236
97	299
222	207
388	192
497	118
69	196
280	346
182	278
78	484
463	17
391	120
256	58
259	224
162	297
440	392
158	340
149	423
168	8
401	428
237	117
31	89
34	130
143	28
229	57
17	417
134	152
212	95
500	332
382	434
80	368
134	224
53	229
302	495
420	201
46	2
234	174
221	156
447	489
462	449
394	298
437	286
158	270
364	311
91	386
8	335
486	261
388	428
373	173
416	8
342	34
113	487
169	180
469	421
224	182
401	310
107	398
467	400
36	491
409	2
256	460
109	167
155	231
126	228
333	143
303	21
18	89
43	57
475	261
352	189
72	311
108	395
440	368
297	71
328	363
128	18
364	71
61	369
424	499
452	468
326	155
303	64
215	148
454	473
491	127
475	72
456	178
412	108
70	264
257	311
81	363
18	332
227	314
232	119
421	407
455	112
151	37
428	167
262	151
184	151
465	262
41	346
364	475
355	473
153	419
201	440
171	162
21	268
28	98
162	131
261	266
133	244
249	394
218	367
46	232
319	359
483	192
353	326
306	357
234	133
180	12
123	441
427	92
67	305
55	374
419	54
353	309
275	67
199	445
45	204
408	189
361	252
107	63
89	372
258	85
52	463
310	108
273	450
495	241
78	138
403	343
92	202
314	406
222	151
15	246
293	36
5	490
60	388
3	300
117	482
344	77
186	431
84	155
396	258
198	430
419	388
471	268
164	437
214	318
103	252
292	89
279	141
254	474
222	281
401	278
453	57
237	397
434	175
65	359
348	429
197	407
29	347
201	295
227	456
442	32
273	223
419	68
2	12
70	254
399	40
390	209
388	169
122	315
412	339
175	374
70	410
263	464
167	117
251	463
314	414
351	457
165	316
403	190
292	249
76	150
90	431
103	121
228	293
460	499
3	393
399	173
302	13
95	330
417	185
488	313
256	299
436	160
264	375
304	62
326	220
195	470
492	24
191	307
476	191
196	365
207	35
447	390
482	229
495	75
150	44
447	50
344	145
142	428
160	399
500	145
79	409
451	79
90	167
293	326
207	25
156	252
196	401
113	401
22	93
98	209
128	292
238	109
364	169
474	134
221	148
377	480
494	18
59	26
378	279
491	394
380	198
34	308
404	319
159	238
371	475
437	111
231	381
281	424
103	488
185	74
210	110
249	434
133	71
447	89
110	412
266	459
342	430
130	58
255	478
408	246
382	426
172	297
139	269
242	196
115	55
449	180
217	127
276	486
248	470
267	307
323	297
430	241
162	101
229	110
312	412
88	310
206	267
411	366
135	151
384	361
52	177
391	4
278	358
183	122
382	114
83	378
388	167
432	391
235	288
61	227
48	364
454	475
245	441
210	75
484	340
267	91
251	430
351	485
34	232
335	295
211	80
122	340
14	138
446	226
39	223
306	491
400	100
427	320
377	32
17	423
319	330
144	247
118	416
301	31
65	489
397	234
148	350
177	175
254	107
470	347
364	136
339	427
113	276
473	472
96	197
279	32
300	221
418	291
462	442
302	310
452	101
181	78
372	476
416	112
326	495
240	280
75	151
381	294
359	430
107	186
149	111
302	218
18	118
337	360
366	169
275	360
62	172
44	329
75	100
8	205
248	276
375	312
313	420
325	219
84	313
63	431
452	417
17	435
179	481
445	289
264	324
488	197
166	286
76	439
300	201
138	372
433	146
261	68
431	387
441	277
330	19
151	17
433	29
162	327
172	268
409	464
77	13
413	123
293	452
336	222
390	135
383	322
46	435
500	477
216	298
209	335
494	391
119	256
406	159
214	264
117	152
352	125
125	249
248	272
37	101
414	312
267	407
348	88
421	245
54	71
100	27
229	194
85	375
332	324
125	419
144	61
327	454
18	421
316	43
103	326
298	6
327	169
409	32
113	385
214	265
318	353
264	84
328	258
353	115
209	192
376	207
52	217
372	38
275	478
166	307
5	270
350	175
86	300
252	394
293	141
65	35
329	371
22	247
395	360
28	178
311	369
245	356
489	124
195	120
362	231
23	191
435	480
347	199
33	490
296	344
254	481
293	215
298	449
292	265
74	491
292	486
337	181
450	274
372	370
260	36
428	197
67	77
164	98
228	291
224	370
409	239
84	188
240	352
310	28
16	426
32	107
272	41
128	298
241	265
300	436
479	45
260	435
78	87
25	358
77	52
89	80
59	172
236	243
158	311
357	19
276	449
193	289
44	4
199	367
202	33
444	188
323	281
400	75
69	491
497	431
425	108
10	237
346	53
245	381
338	218
215	96
43	348
203	387
439	413
445	345
29	34
267	429
184	187
477	437
177	354
274	235
211	451
394	498
145	454
454	200
294	197
76	325
319	488
491	322
376	242
87	366
490	470
241	84
356	78
85	3
449	34
139	423
60	220
408	293
185	260
136	305
169	137
20	145
131	292
306	288
84	337
336	89
186	261
101	140
44	11
76	306
346	424
448	246
286	175
257	469
401	500
200	380
99	438
99	415
314	399
32	291
277	231
3	320
195	415
379	461
250	281
226	61
69	433
463	217
322	175
80	198
280	349
135	216
16	216
445	123
422	295
150	417
5	456
471	116
445	169
161	489
39	168
277	309
74	166
461	135
339	382
278	7
110	162
198	70
20	238
180	377
472	235
241	226
138	254
429	356
185	478
87	358
272	103
97	67
151	99
488	281
67	230
126	492
331	113
213	356
164	236
335	202
476	20
366	426
14	78
90	256
389	385
412	297
29	110
74	204
158	322
384	22
448	79
41	293
179	151
63	80
484	26
83	4
204	186
144	154
219	159
109	149
91	476
417	460
71	100
467	363
354	318
282	494
144	143
115	131
490	460
156	246
233	43
39	201
65	237
220	437
487	155
15	374
197	301
370	129
104	70
177	232
258	110
70	422
79	233
433	192
377	380
156	289
263	181
457	35
301	304
208	83
138	113
330	84
89	405
11	116
391	297
233	484
306	176
274	3
59	216
66	213
98	307
139	29
48	101
360	236
30	241
482	240
149	495
399	338
418	58
419	165
182	467
223	285
307	310
114	88
303	134
364	107
59	299
173	481
314	197
468	354
361	442
168	232
157	496
289	450
215	388
170	281
59	240
271	69
118	308
359	448
51	474
131	317
28	205
339	222
26	19
108	13
7	483
55	323
434	86
85	460
336	167
72	442
177	196
257	429
316	63
290	304
260	87
18	182
115	236
7	489
308	192
251	79
484	130
430	222
20	471
478	301
498	208
164	386
33	15
234	408
38	489
114	274
32	367
446	185
450	116
464	220
456	54
68	498
152	388
471	119
382	100
11	300
285	485
209	477
227	479
346	340
246	190
136	52
365	323
82	158
303	304
487	438
104	257
43	229
153	57
240	309
137	294
113	211
495	472
147	493
72	369
202	77
494	336
434	351
431	441
237	265
143	400
238	273
78	120
181	165
202	45
262	54
447	394
463	101
371	322
325	45
104	181
265	459
8	481
131	199
405	259
416	432
293	20
9	408
387	468
226	176
102	286
442	96
413	73
441	211
45	279
240	278
395	452
325	4
64	2
91	40
335	275
16	180
381	258
495	152
439	209
398	144
210	235
29	136
144	350
296	412
272	423
449	203
348	176
350	347
289	249
450	362
92	467
453	384
427	494
345	177
142	254
122	179
284	147
453	63
401	87
125	196
488	92
346	81
15	415
279	189
349	279
78	183
268	367
472	407
485	17
457	497
329	76
14	315
206	272
26	213
67	228
55	255
181	311
86	296
331	291
455	91
297	458
321	337
148	489
250	178
140	266
174	399
148	491
347	167
197	392
323	366
119	268
114	105
117	113
446	187
89	262
209	76
181	343
306	110
483	71
138	256
115	155
415	118
346	350
380	233
152	23
117	168
474	339
214	487
458	160
162	300
398	493
410	155
46	122
441	483
373	470
198	431
292	110
485	386
183	497
428	82
430	28
153	294
98	274
500	482
251	139
95	265
209	26
314	250
38	146
389	291
409	161
422	428
191	245
37	31
451	33
297	18
481	50
314	137
53	490
11	246
465	105
101	482
256	483
476	58
345	225
339	329
99	250
15	236
274	428
369	487
238	427
215	282
334	474
185	209
475	82
496	335
106	487
244	497
376	352
200	172
109	217
59	396
452	374
272	52
488	55
276	62
465	74
271	141
144	453
164	12
349	360
90	153
424	429
371	278
90	266
318	94
96	219
149	383
484	177
416	130
343	98
233	264
338	358
40	292
321	292
53	328
185	302
375	229
114	266
311	337
16	93
417	447
53	215
82	494
275	307
232	114
257	184
350	375
124	130
159	322
184	422
296	249
169	458
31	358
123	116
263	35
340	169
408	308
42	477
273	379
223	378
136	26
183	261
191	480
215	319
37	354
246	177
11	80
459	228
313	285
336	239
76	102
336	228
341	456
48	125
490	50
454	424
135	457
394	329
239	34
125	459
400	255
126	98
25	158
351	152
63	166
277	129
378	236
220	115
212	233
65	309
38	176
12	483
286	426
280	67
33	353
329	187
241	110
105	3
354	182
422	476
397	3
475	234
425	150
445	85
97	104
392	214
93	349
474	144
141	8
355	240
203	269
22	70
245	327
187	197
241	382
413	407
359	464
226	320
228	161
488	207
20	385
310	262
199	469
244	494
468	394
235	155
214	117
193	105
310	166
355	331
496	488
319	342
173	264
465	6
205	357
349	440
26	243
435	31
233	331
213	281
215	395
408	469
363	435
49	18
53	202
162	65
294	237
465	343
279	276
305	449
299	26
247	441
33	236
58	69
365	77
297	181
46	444
305	112
240	65
39	473
103	140
107	296
359	469
333	492
497	355
54	496
266	60
251	38
111	3
405	241
438	31
341	57
498	330
342	16
290	356
278	25
315	70
275	411
372	368
171	488
130	275
114	26
175	79
30	178
436	41
455	168
366	362
464	406
432	143
462	104
15	303
267	367
74	490
470	256
96	189
417	264
307	234
419	185
70	170
243	72
10	435
221	169
301	135
460	15
495	185
491	344
177	446
219	323
63	1
428	12
416	471
304	136
165	406
277	474
302	199
175	220
456	445
273	294
292	4
87	27
446	102
384	26
142	117
293	337
106	325
485	95
472	451
118	307
51	442
96	430
248	268
361	10
68	216
213	361
338	19
322	439
418	349
199	404
63	74
96	472
204	457
310	461
427	291
25	334
454	103
349	64
40	332
16	449
246	132
276	391
36	192
358	136
254	427
91	239
318	43
222	449
461	473
437	265
274	317
475	161
270	395
338	119
137	312
342	166
335	155
494	444
470	461
333	387
367	183
280	27
379	140
478	36
156	458
431	133
457	317
102	352
498	205
200	110
219	287
218	141
318	63
267	12
479	428
373	15
148	473
86	36
169	407
84	193
210	379
493	495
211	469
216	54
351	429
440	254
259	69
276	474
53	407
327	395
196	389
281	263
94	234
161	465
209	122
48	160
183	408
385	484
332	419
383	73
376	240
356	307
328	152
301	88
44	298
344	226
341	212
489	56
471	452
22	136
78	102
437	200
337	470
346	63
66	193
118	225
184	495
402	249
237	280
56	340
204	309
300	121
200	166
386	51
254	458
410	371
235	292
111	318
70	355
369	265
284	316
225	467
401	332
242	491
438	206
385	147
112	269
368	16
356	197
36	127
114	466
296	267
171	354
169	412
94	1
91	111
303	254
472	267
167	127
76	423
127	163
481	257
495	151
448	367
436	455
151	268
96	394
480	81
310	13
238	360
302	496
442	81
303	425
293	287
111	262
276	13
394	265
272	150
105	158
156	249
405	167
311	389
14	421
483	464
242	243
305	393
493	42
103	296
183	268
81	116
271	313
7	131
215	273
487	422
92	324
402	301
465	448
205	333
363	282
359	55
473	181
276	366
336	251
164	176
238	346
448	229
95	494
143	229
400	115
173	235
36	406
12	442
355	367
308	387
473	50
85	374
55	494
375	325
476	316
353	119
118	232
376	302
341	349
350	304
253	365
218	318
20	396
119	217
291	75
361	20
241	423
146	322
176	5
357	70
167	197
447	60
315	72
286	230
246	291
83	447
492	248
239	318
488	82
354	262
483	236
295	325
280	26
469	378
392	43
394	364
114	242
325	176
189	280
426	69
28	349
207	258
207	159
339	80
137	371
173	250
66	357
184	31
355	67
323	173
291	363
201	419
348	222
164	277
227	108
84	333
415	374
109	257
257	180
200	20
423	332
463	33
244	456
421	424
304	455
65	279
443	498
496	451
218	490
188	477
282	150
377	401
387	134
229	154
354	188
3	455
370	127
144	214
251	193
238	371
480	385
56	31
215	384
310	426
415	359
48	441
429	490
401	304
430	488
400	435
124	163
470	80
166	176
365	166
159	285
392	396
172	3
444	269
256	97
357	484
23	315
127	18
108	182
244	258
434	336
225	419
130	24
240	194
17	416
398	441
135	124
195	339
13	156
391	330
376	96
412	427
476	395
478	447
359	162
15	213
72	115
225	154
59	162
382	406
208	222
272	388
98	134
91	106
483	57
300	223
329	87
427	29
483	289
395	14
484	380
40	53
51	72
445	441
492	342
35	410
417	408
162	106
157	453
39	458
53	65
433	417
60	45
32	457
261	214
39	233
162	482
376	69
450	156
390	204
254	95
229	415
314	115
247	1
398	433
100	47
76	483
240	487
103	434
365	232
154	490
222	6
181	94
199	42
28	36
94	472
255	95
404	422
6	171
61	126
282	156
335	451
75	267
262	88
304	305
352	410
451	147
254	346
363	183
355	301
316	42
42	196
37	457
417	265
278	409
18	407
183	270
416	115
77	489
175	230
13	272
345	121
495	66
147	397
152	341
271	63
95	331
31	3
473	93
254	126
346	318
404	75
342	77
394	452
276	61
101	439
409	451
454	278
360	173
218	362
473	389
152	371
391	43
123	177
131	218
247	423
258	372
237	178
269	239
213	476
348	466
211	450
385	267
222	67
341	252
49	134
230	87
200	162
307	173
419	277
283	418
426	442
259	275
373	157
253	482
381	500
332	158
479	138
480	341
22	31
76	319
211	261
291	358
59	17
358	7
326	258
42	20
453	71
234	125
98	288
12	341
164	189
1	404
438	437
283	62
103	431
103	390
315	220
445	217
209	30
56	348
249	395
442	450
212	349
192	438
18	441
130	247
46	217
53	141
24	154
221	17
111	258
225	288
156	477
69	39
149	11
108	442
447	196
67	134
259	395
106	345
459	261
73	161
378	152
452	130
431	7
283	399
324	453
141	409
322	474
91	342
459	101
439	265
485	405
223	272
22	118
400	280
431	220
51	110
385	497
273	227
477	118
298	455
136	262
264	192
395	323
235	434
408	320
492	184
19	316
32	359
133	281
31	273
413	425
311	279
132	454
252	139
123	43
454	77
303	454
365	294
24	232
116	325
138	67
298	138
440	237
388	172
242	453
159	124
190	443
73	278
69	200
134	394
399	387
433	91
350	70
428	13
498	119
166	20
93	455
456	165
435	254
26	356
131	175
24	168
84	272
16	297
388	340
77	220
246	386
480	18
162	76
241	426
380	131
162	157
289	484
446	346
389	112
117	250
286	332
269	458
467	152
256	248
441	289
181	235
82	357
24	446
274	422
475	257
364	499
395	500
274	380
141	102
15	398
61	86
499	56
487	123
245	288
275	482
415	439
500	16
302	93
42	226
90	271
330	242
70	498
371	208
288	489
420	320
248	70
75	430
1	289
280	128
163	120
166	354
199	498
469	116
376	58
189	319
203	395
206	301
182	378
4	471
480	279
433	211
480	268
9	15
242	374
389	227
362	257
379	2
205	194
365	256
209	483
56	2
340	303
198	34
466	135
339	385
130	176
493	262
439	233
66	153
444	415
35	256
258	375
470	181
481	396
203	44
60	243
206	434
409	391
347	50
488	428
175	170
51	6
185	441
243	121
6	64
41	364
332	190
18	379
131	396
407	204
59	181
32	239
338	175
297	268
143	262
105	11
252	30
236	285
379	139
256	354
80	432
176	10
162	386
127	476
171	34
274	237
397	414
145	433
199	486
403	420
195	37
477	19
293	203
48	257
243	313
416	216
462	413
311	198
161	186
159	281
297	74
276	151
330	258
486	229
84	349
89	282
239	461
466	467
355	23
394	122
370	377
488	231
236	89
495	477
342	479
263	65
494	131
18	68
214	498
265	372
29	211
169	442
432	321
227	244
90	390
417	92
63	156
398	93
184	474
47	461
118	224
156	138
235	462
381	170
50	77
230	15
424	106
12	159
101	211
450	47
361	119
370	114
490	138
161	213
437	129
454	28
154	387
129	487
141	472
207	122
470	193
147	126
497	144
361	29
146	229
206	196
35	177
319	407
104	21
451	124
258	123
301	116
327	341
239	386
237	159
152	489
473	38
473	405
266	80
370	436
306	125
469	343
383	10
183	134
70	310
145	320
292	287
430	360
422	302
300	127
267	321
400	339
306	207
195	482
332	304
70	313
85	259
318	308
481	233
140	447
323	157
316	134
407	147
313	108
271	440
118	484
464	437
425	462
335	489
493	168
192	302
356	143
31	374
492	332
206	6
6	422
195	348
345	483
419	350
128	212
114	100
148	109
13	423
432	177
299	387
113	495
337	214
492	325
248	466
325	480
369	117
442	241
171	115
289	42
110	320
111	332
179	94
1	439
203	345
135	362
281	129
226	489
52	396
290	248
184	385
65	402
135	252
371	122
179	50
314	21
479	375
15	203
66	75
496	234
327	29
363	48
458	310
317	28
259	115
419	314
193	9
194	270
136	117
25	7
150	213
163	464
3	175
219	8
38	12
207	271
499	284
418	47
96	249
315	443
365	103
248	142
181	152
61	91
40	108
338	392
391	77
29	473
389	30
163	426
260	217
384	223
471	177
244	446
265	249
209	254
70	406
63	336
484	231
271	451
425	446
376	280
222	134
153	25
219	255
54	445
238	242
373	65
129	302
96	454
220	370
174	423
378	80
190	19
170	457
138	186
478	81
75	384
379	137
168	383
136	112
378	110
31	331
295	58
188	241
194	440
269	309
9	131
233	485
472	352
25	402
101	290
64	381
364	39
46	226
382	116
384	59
372	124
417	384
214	5
428	344
208	206
472	382
495	72
412	484
45	117
48	260
277	342
147	378
499	241
124	161
438	110
38	329
35	424
351	384
65	486
228	164
409	479
69	24
248	285
289	411
70	101
223	341
458	495
488	411
223	451
191	285
229	24
8	390
153	69
309	472
192	429
34	257
51	415
285	293
59	354
305	100
195	173
446	310
39	415
305	20
348	100
446	99
265	446
38	315
412	104
81	39
425	182
147	99
22	327
128	408
233	160
127	475
98	451
92	113
124	288
268	33
108	456
494	118
417	472
27	382
30	124
121	99
9	469
36	310
438	191
493	386
211	399
99	270
98	377
403	456
465	428
197	326
149	177
480	347
252	32
115	170
494	416
10	220
367	33
435	272
445	129
330	286
320	289
409	40
248	77
468	415
97	266
94	416
86	146
12	53
346	376
1	123
188	292
191	2
95	353
309	363
470	397
101	144
196	153
16	48
113	170
140	58
198	24
153	56
212	157
300	468
65	395
91	410
500	137
221	415
424	307
140	34
421	25
448	159
143	26
356	56
56	261
370	383
146	395
327	56
376	366
471	257
375	110
374	491
132	191
72	402
367	169
268	299
162	111
354	290
468	133
232	108
337	348
228	296
452	29
115	163
286	243
426	1
14	443
157	465
149	67
202	231
296	500
310	244
363	405
301	57
361	208
210	336
288	67
343	57
262	206
420	446
348	96
242	349
480	209
420	342
498	310
179	36
179	388
393	408
114	93
246	487
495	292
448	392
313	132
385	306
479	160
491	310
271	105
67	405
56	239
374	328
339	494
381	148
89	465
54	366
36	23
9	499
174	20
67	389
456	29
150	449
416	420
488	42
433	329
456	469
142	45
122	332
486	118
453	160
295	315
22	400
481	129
295	331
176	217
355	297
401	320
336	399
402	45
409	343
425	414
458	378
425	326
156	172
385	469
173	395
346	252
215	104
316	74
343	414
2	463
325	225
11	437
360	312
296	270
69	62
74	388
267	427
437	219
53	245
406	203
281	456
97	151
238	382
434	438
107	337
293	403
386	459
295	330
16	285
132	298
264	80
388	380
257	485
448	223
205	145
298	353
4	136
135	43
278	260
129	60
228	458
429	442
85	213
155	286
196	89
240	37
436	154
414	298
45	181
54	105
301	423
23	125
429	366
303	399
248	388
382	63
324	197
113	394
448	334
102	118
241	123
214	430
348	300
23	61
220	291
466	64
192	293
112	29
166	258
419	406
15	168
67	43
263	217
61	312
276	96
171	311
364	122
284	307
334	167
385	196
438	400
396	424
223	231
87	301
360	270
137	139
298	207
214	216
109	55
1	79
241	157
397	90
243	241
217	144
131	394
149	406
364	79
296	104
303	109
299	402
449	498
166	23
180	44
377	45
34	61
414	366
323	469
362	180
476	248
76	264
120	50
129	420
96	500
340	36
133	321
398	457
360	154
330	313
406	173
493	414
189	212
467	88
284	379
392	11
183	95
209	479
253	377
99	148
38	122
169	121
174	406
126	262
213	378
207	289
212	255
164	498
163	332
408	35
137	303
30	443
493	104
257	186
398	75
287	282
229	265
426	261
441	76
223	391
303	482
375	241
439	155
387	450
179	318
175	221
267	226
499	267
221	425
184	406
422	356
408	242
120	336
140	347
421	417
230	420
152	197
192	311
499	216
65	404
247	254
386	19
221	228
435	463
135	257
189	413
181	480
108	489
92	263
172	309
377	62
264	474
398	247
476	185
7	220
201	206
51	448
116	280
176	458
327	130
427	258
319	345
150	186
377	499
444	259
192	319
151	98
178	179
237	360
101	274
284	356
325	209
334	490
36	82
204	215
362	17
434	11
73	367
148	201
83	353
182	282
10	284
294	382
75	485
207	301
302	118
491	246
216	242
311	206
358	271
220	371
373	242
330	97
14	155
225	297
32	148
460	200
216	22
157	46
457	153
268	271
416	56
368	418
205	127
19	24
251	126
49	311
480	298
107	228
97	334
448	30
5	325
438	271
165	173
224	267
495	414
81	106
59	131
82	425
244	414
42	368
112	92
465	229
301	70
179	373
396	412
368	108
161	156
391	7
3	306
222	211
460	462
40	7
348	150
424	331
267	492
105	77
70	214
288	167
500	476
11	455
221	79
205	43
347	98
471	62
186	22
257	440
404	270
276	291
166	320
117	455
330	159
57	230
147	268
361	180
238	191
73	430
120	111
199	235
226	196
10	34
284	281
69	155
412	93
6	82
234	216
276	250
70	96
485	52
414	77
489	68
181	162
84	133
473	182
191	151
80	35
213	31
491	115
362	430
367	320
364	377
296	112
62	73
122	388
329	307
74	64
393	330
338	376
284	92
373	241
281	77
273	159
307	498
174	213
51	13
461	166
320	150
248	431
209	197
266	117
96	149
494	408
441	440
381	491
397	400
179	226
316	266
237	158
101	276
40	145
284	456
233	142
368	443
186	489
498	244
136	333
394	285
9	329
237	278
163	26
263	352
194	187
453	280
43	10
197	441
322	210
425	163
429	268
266	305
389	31
426	148
276	135
359	160
479	172
101	272
219	306
126	481
15	64
261	500
440	431
69	73
471	100
250	426
366	413
172	287
465	228
204	1
103	392
263	186
22	244
70	274
255	437
26	55
457	223
59	194
47	215
484	451
36	240
20	352
107	488
11	376
491	285
209	326
311	281
162	219
119	370
371	114
165	230
114	17
161	240
113	396
52	409
477	243
17	181
473	359
451	308
397	27
57	432
65	467
13	180
311	200
496	101
97	166
306	309
144	442
181	158
122	429
312	155
315	445
439	260
79	232
160	174
245	446
287	286
398	298
81	300
199	393
318	403
313	454
37	146
116	134
452	163
346	108
436	115
172	462
286	74
313	258
343	129
110	347
7	467
230	161
192	94
84	127
117	228
306	55
142	35
190	33
417	425
495	424
138	152
217	211
33	169
459	482
482	386
389	192
358	103
194	444
368	218
239	169
283	238
352	347
353	281
18	355
299	450
158	110
320	490
193	373
493	475
332	338
239	151
181	374
269	24
61	71
98	6
109	205
135	227
331	94
469	226
56	145
44	130
469	339
386	274
296	129
184	7
80	405
200	371
106	148
240	241
246	39
386	389
265	353
445	290
335	44
178	88
352	283
370	171
91	148
71	473
175	90
333	211
362	65
63	297
415	60
187	167
234	382
481	409
323	400
378	93
262	432
379	105
304	9
137	253
237	306
372	100
228	342
30	491
98	267
78	196
125	408
23	47
183	362
323	71
340	9
150	87
136	287
233	352
109	456
7	74
439	422
169	107
448	120
153	403
206	276
13	190
263	373
416	231
109	248
222	37
50	70
60	191
197	267
39	7
1	413
353	222
446	12
379	26
98	193
245	213
37	209
291	127
440	239
473	86
367	4
406	244
105	426
268	224
323	284
25	11
397	349
147	83
37	102
331	378
472	359
329	219
18	65
417	443
239	132
378	349
79	360
54	463
142	405
213	43
341	479
19	200
418	118
215	326
395	139
412	474
358	184
324	312
361	116
113	144
497	76
315	389
307	392
388	496
271	103
304	38
184	173
438	213
286	161
67	295
246	471
240	459
288	426
185	234
213	456
194	369
167	250
161	435
331	412
179	261
232	92
86	398
396	387
225	152
201	74
346	106
205	416
124	392
387	147
262	129
44	262
67	26
385	417
44	398
208	369
151	36
322	198
221	89
24	110
6	339
492	151
42	208
45	463
70	68
128	24
128	216
479	474
207	270
330	254
474	165
95	1
165	439
118	382
110	397
130	157
143	322
233	123
251	170
307	259
227	444
465	412
91	490
97	440
17	472
76	149
413	139
149	62
301	228
36	456
40	360
149	410
201	97
102	117
169	146
266	440
409	115
104	151
253	352
239	133
294	419
395	84
448	444
120	328
492	368
453	149
299	227
180	137
239	490
60	207
308	61
343	365
157	118
397	19
37	150
88	425
470	400
273	411
412	239
344	215
323	127
256	111
285	199
437	115
121	101
121	341
319	150
324	167
339	345
311	277
428	228
39	434
452	370
257	303
105	201
85	383
34	323
6	125
198	28
251	318
495	426
62	215
130	241
412	149
316	400
339	458
246	397
387	88
494	216
395	211
296	160
26	227
265	413
382	265
361	292
71	479
10	110
91	73
347	230
432	304
1	462
134	166
481	10
475	277
358	65
244	148
425	456
76	280
160	499
74	500
346	265
120	179
451	195
285	465
252	350
482	280
194	397
265	472
88	237
221	430
346	419
142	285
492	169
176	465
305	141
466	347
52	434
464	313
373	360
291	315
395	432
262	119
191	315
311	219
32	392
70	33
233	320
495	42
310	293
41	352
306	275
303	122
303	311
74	363
273	322
6	444
417	488
293	51
398	28
383	429
161	54
491	192
296	281
37	316
272	486
348	420
390	161
211	238
329	273
488	187
60	277
168	368
171	1
153	358
280	234
357	62
117	312
17	401
190	382
170	388
85	438
336	414
137	86
445	113
441	202
389	358
252	144
488	251
311	109
349	216
414	300
276	24
24	264
382	64
48	402
212	16
232	382
121	431
255	190
100	122
440	303
21	28
184	425
76	73
226	342
463	61
106	151
17	338
83	115
425	37
362	64
85	196
380	313
195	438
126	156
489	209
105	484
409	179
110	77
258	251
105	121
31	393
385	311
401	445
219	54
260	376
33	396
488	355
28	341
409	244
429	359
11	35
424	438
374	198
68	199
432	5
343	441
220	412
158	55
71	381
227	148
111	42
421	91
351	107
55	34
472	5
445	224
452	430
169	295
359	250
473	137
274	68
422	401
121	380
173	299
83	11
29	500
452	55
247	337
346	294
6	176
210	405
3	276
292	11
390	315
311	143
154	450
320	135
196	299
98	238
335	362
419	331
51	82
255	20
93	362
320	412
325	247
173	92
113	59
452	76
330	118
149	213
460	144
376	474
178	204
370	24
490	331
98	2
482	120
35	493
56	174
192	395
332	370
304	342
111	255
107	408
218	428
341	304
371	105
449	335
439	364
453	312
237	277
248	189
178	463
96	488
293	158
394	104
369	242
402	179
81	73
363	475
39	287
142	448
56	217
45	22
258	169
91	452
235	188
406	197
111	251
252	428
109	287
420	406
367	399
130	112
110	403
380	90
372	145
242	293
56	14
393	310
253	73
406	414
111	254
46	499
404	31
167	44
74	414
395	498
391	168
422	399
6	2
415	95
146	339
151	494
160	411
410	315
19	247
376	304
471	488
14	132
147	95
363	130
86	475
251	198
318	326
53	273
23	305
276	258
17	450
271	345
165	379
440	314
199	351
426	369
284	174
65	133
345	47
32	371
427	353
33	401
64	426
244	484
163	143
225	381
33	183
88	177
289	239
62	225
356	13
487	284
138	361
237	325
208	44
265	426
86	481
21	192
260	66
30	344
363	20
127	189
193	301
473	283
201	180
475	378
143	16
496	305
284	277
28	494
77	348
225	54
449	387
464	71
325	333
189	376
255	363
408	119
146	343
33	264
100	229
427	118
451	336
36	111
160	103
315	227
361	117
328	45
469	329
445	171
13	91
162	279
277	174
66	170
43	474
299	464
105	181
69	429
222	87
69	133
375	484
438	281
109	412
342	370
203	9
194	206
310	200
469	10
25	384
463	114
438	183
51	461
236	455
4	263
78	400
197	412
445	402
356	359
221	218
436	446
442	308
385	260
380	208
131	213
111	73
325	464
53	196
236	137
5	79
249	372
369	462
33	148
414	297
37	228
493	150
248	453
316	24
479	125
192	9
310	301
133	105
223	275
41	377
249	213
437	183
94	274
26	490
141	95
434	433
219	234
195	312
479	441
160	102
357	359
243	434
241	220
251	41
407	175
372	216
456	161
203	434
402	371
358	383
317	54
139	323
287	70
112	205
393	469
330	90
363	207
168	478
14	330
256	261
444	4
447	96
177	12
422	26
442	357
353	204
494	69
176	374
98	43
198	338
113	60
387	171
186	379
19	374
215	128
263	251
411	283
96	12
341	84
73	170
371	58
34	385
438	44
159	20
147	44
473	195
227	42
379	112
65	391
203	253
172	95
480	217
372	407
455	176
317	55
33	431
283	479
242	392
263	350
234	6
475	465
255	92
343	159
265	339
428	73
342	54
445	497
374	389
485	437
20	369
35	366
208	424
433	184
476	225
309	131
247	118
367	382
414	216
374	448
381	268
478	175
225	21
219	93
18	186
305	226
148	217
456	7
379	427
372	24
93	420
186	496
253	463
129	309
368	274
87	118
198	324
174	448
118	235
61	359
3	302
323	155
425	189
231	1
183	350
321	152
362	72
143	167
150	313
216	236
416	482
281	481
456	70
405	367
267	187
262	205
43	452
164	262
478	286
314	29
292	349
11	67
89	121
55	297
123	54
70	148
304	29
304	459
34	289
321	293
346	136
411	282
134	473
357	46
391	374
98	231
370	17
127	249
294	201
182	336
446	174
384	198
179	40
135	268
83	402
447	159
201	232
222	239
35	138
151	95
218	182
341	71
214	330
423	44
105	393
299	27
431	130
146	220
106	66
182	488
471	167
446	396
138	465
160	149
484	386
198	176
80	404
31	381
318	223
9	473
256	387
176	98
135	86
308	171
231	350
154	254
205	277
33	369
7	335
101	13
378	113
281	295
268	406
58	107
359	112
277	350
483	8
402	189
99	144
329	285
317	162
84	422
370	340
256	362
209	462
111	52
103	408
165	383
399	356
74	85
231	66
106	180
47	238
394	299
244	194
326	56
412	493
459	77
335	227
151	368
165	366
183	179
307	228
469	496
494	78
101	202
212	476
229	384
412	386
427	233
452	499
154	292
477	283
1	345
309	314
167	440
101	323
500	427
59	185
392	243
476	139
404	454
35	174
186	211
73	353
152	432
386	144
175	490
118	41
283	134
43	149
363	315
412	475
211	242
497	62
291	10
128	196
59	414
113	244
287	351
481	405
33	496
341	120
4	8
111	164
149	128
396	472
253	464
378	111
314	484
197	390
188	54
239	477
465	290
329	342
458	155
184	245
112	27
233	252
13	326
133	66
377	11
34	245
453	108
116	477
177	157
335	479
69	231
423	278
418	353
237	77
274	258
402	286
370	148
398	305
66	293
26	403
50	324
165	392
350	202
156	335
255	1
368	210
237	284
64	314
177	208
180	223
86	307
46	40
58	179
195	179
341	99
288	93
202	139
306	197
406	262
316	207
21	406
342	389
326	391
44	333
382	369
339	143
81	236
210	495
66	47
309	489
60	465
347	47
81	101
92	130
344	108
461	169
5	355
14	378
208	327
424	242
222	194
401	32
103	118
261	5
29	8
31	78
3	357
10	185
261	359
232	193
423	39
84	281
57	238
103	398
423	54
322	188
440	262
497	490
127	137
79	358
203	211
467	245
227	384
198	429
206	299
487	176
205	198
404	487
18	10
268	123
300	46
439	239
362	27
408	357
106	90
462	121
28	276
166	197
487	344
142	468
159	138
264	258
500	39
428	299
200	39
285	176
255	117
35	362
500	203
56	51
464	154
57	75
457	18
304	104
468	360
158	426
345	362
482	493
405	111
458	203
81	396
476	214
189	318
375	497
95	380
133	125
86	55
474	213
221	420
2	186
260	242
220	270
257	402
21	489
10	319
439	146
10	389
404	416
201	188
333	232
58	168
298	284
32	316
141	68
242	351
395	44
354	102
1	359
127	184
202	383
135	171
109	432
385	255
162	429
200	392
270	412
71	465
381	244
288	371
64	495
316	94
498	316
64	228
113	361
444	421
388	34
19	60
469	394
134	133
308	17
447	160
459	67
4	1
55	87
368	75
431	107
193	148
114	385
274	481
381	85
93	397
165	39
322	282
423	300
134	469
59	468
191	300
262	347
178	133
491	70
164	248
356	123
117	445
30	223
234	399
209	14
254	368
149	492
140	59
461	399
467	306
136	325
165	423
306	60
168	77
30	442
267	38
168	176
333	373
181	209
381	8
127	443
476	51
183	404
437	325
309	173
139	282
359	185
168	354
186	121
28	50
372	53
95	249
492	197
379	315
403	433
141	64
417	434
333	392
7	234
27	134
382	102
165	475
91	50
491	73
160	136
194	204
4	17
332	7
115	216
271	341
20	440
452	373
274	309
6	308
72	434
352	245
485	85
51	449
169	454
3	152
192	131
460	469
191	28
449	484
20	226
143	288
299	155
227	62
134	425
283	375
141	105
244	335
490	52
318	232
37	315
39	210
218	51
212	493
486	179
262	391
188	131
225	87
113	145
333	303
281	102
226	362
348	308
491	29
187	499
72	126
194	54
281	405
422	204
435	104
466	22
138	427
307	248
478	107
104	185
470	56
102	309
252	96
193	140
472	289
440	80
166	437
186	93
485	144
374	164
349	58
456	78
355	389
448	139
412	221
423	178
219	186
475	215
423	102
444	203
216	476
336	458
25	488
59	102
302	383
411	66
138	314
269	374
156	298
37	358
378	18
351	294
202	472
72	42
217	350
303	237
124	45
335	138
388	134
232	12
134	36
157	31
117	2
419	402
55	152
355	391
373	381
163	168
395	19
429	329
181	458
270	369
461	52
411	81
166	89
174	259
351	135
358	489
194	449
305	429
276	107
14	426
225	52
72	491
367	469
94	25
290	135
449	243
475	496
3	487
192	242
209	396
195	452
319	11
353	125
7	474
93	354
419	35
49	67
195	32
228	105
190	295
284	103
440	481
230	186
76	290
348	366
266	427
412	263
412	470
453	67
231	390
2	58
122	86
340	107
347	422
378	396
438	11
295	386
469	155
226	322
365	297
494	260
456	27
148	438
147	456
151	72
486	21
346	309
349	407
67	32
237	146
200	155
388	377
246	188
41	246
418	151
464	67
59	155
92	241
103	268
54	215
361	240
25	362
295	377
266	260
385	243
265	210
25	448
9	161
469	311
178	348
388	101
42	188
315	15
149	489
151	112
487	444
460	306
61	50
92	33
480	259
433	149
14	359
498	169
16	470
418	319
171	222
406	54
312	394
352	358
329	37
21	134
453	408
45	56
456	387
375	345
230	406
253	443
282	374
379	435
228	477
322	50
309	438
343	322
72	284
181	387
230	234
131	476
133	396
88	186
189	440
445	337
210	496
88	38
74	366
194	460
342	109
457	377
182	498
168	248
18	159
370	291
73	380
295	155
201	209
91	294
306	343
121	135
489	224
397	66
41	33
113	280
434	258
97	405
196	460
375	355
419	473
363	345
84	204
201	203
436	240
394	275
82	153
226	48
228	168
413	101
244	211
185	259
122	170
467	91
412	72
78	364
146	151
199	226
362	114
365	376
12	57
122	124
202	296
371	183
284	126
107	36
442	226
66	321
321	477
25	363
256	433
450	281
460	10
10	452
22	8
281	429
375	428
177	467
116	22
153	159
348	258
40	310
186	329
422	278
83	30
422	479
219	482
164	187
211	493
262	188
388	222
338	48
322	147
38	19
390	1
11	2
186	282
251	401
437	60
134	377
471	334
262	396
258	18
94	238
484	351
285	304
5	171
99	47
459	76
363	445
86	280
217	58
53	145
223	1
199	248
337	439
460	134
406	106
109	38
460	345
343	389
387	127
495	369
224	180
243	65
284	268
12	151
273	340
473	413
375	314
180	493
58	109
103	13
24	393
38	379
494	235
171	260
196	380
326	23
108	270
170	492
347	319
492	37
86	302
187	226
362	252
403	248
419	416
370	398
12	448
105	420
297	256
139	104
452	475
150	139
318	188
277	193
25	128
55	272
292	414
334	119
228	360
216	361
40	453
262	243
338	460
465	70
261	57
137	2
444	209
98	378
149	16
479	61
146	341
180	176
232	248
316	334
359	235
390	458
260	343
367	282
281	3
174	80
327	378
218	129
202	146
383	357
28	393
181	122
451	227
456	481
76	461
254	325
387	422
291	27
464	254
447	324
221	188
193	477
126	467
438	74
299	35
7	200
23	94
400	334
468	164
119	490
9	230
295	257
228	188
30	36
402	363
271	312
51	333
386	322
268	36
408	281
481	303
188	27
267	273
23	382
118	168
448	439
259	445
263	77
133	498
282	297
410	365
149	366
433	43
314	240
238	349
187	21
331	473
390	39
130	168
13	490
1	331
76	60
416	40
323	140
401	302
432	193
400	340
9	111
198	289
174	390
268	372
246	413
468	106
275	188
126	314
219	351
415	321
6	477
436	55
292	382
285	114
366	75
341	471
391	257
410	292
223	277
263	389
90	99
441	91
94	276
418	412
16	421
134	70
213	201
426	472
247	62
23	325
401	474
499	142
187	23
219	121
339	49
476	351
189	471
497	160
156	457
9	81
393	268
385	7
92	430
218	41
237	56
84	245
244	182
137	55
179	90
243	139
491	483
495	202
478	170
204	434
401	66
83	157
374	208
73	451
339	2
334	151
20	82
387	380
304	422
6	380
287	426
75	224
491	81
461	377
321	95
444	483
229	408
6	290
12	111
363	461
112	247
263	84
136	266
457	19
222	391
24	109
413	133
4	133
201	395
55	441
6	400
61	141
130	489
4	47
68	166
261	101
90	88
30	138
198	258
176	417
185	42
475	466
369	202
251	492
64	161
28	134
74	173
27	403
445	381
49	165
249	68
219	370
322	59
142	449
399	130
81	451
292	440
186	97
487	63
285	188
483	129
457	443
286	222
309	290
447	347
310	300
18	372
239	33
380	299
118	471
161	115
272	430
143	332
180	39
482	466
268	447
191	58
47	34
293	246
495	312
61	246
431	178
111	15
170	389
394	492
184	347
445	30
210	484
179	136
194	25
401	36
177	170
82	233
36	356
157	107
461	279
430	413
351	304
74	53
295	205
263	112
120	457
11	366
302	30
236	256
449	80
156	187
107	164
302	4
299	500
145	251
75	393
499	164
474	354
111	407
60	248
1	433
235	231
127	380
355	381
110	123
215	126
464	83
498	127
203	402
406	323
87	189
282	177
136	476
446	488
463	421
301	7
338	40
247	224
346	101
184	188
217	227
285	79
221	131
446	466
311	367
487	408
471	237
303	36
80	167
74	109
219	265
22	315
480	85
244	415
215	225
160	400
219	6
210	11
370	4
61	243
462	264
71	409
190	430
465	466
270	222
403	214
182	493
23	375
477	445
361	399
204	159
398	426
281	483
210	150
294	456
162	97
314	158
40	352
491	349
60	125
68	201
376	405
145	158
478	143
133	380
352	415
400	155
321	260
417	103
122	361
264	480
279	317
308	40
151	272
451	321
165	195
19	36
321	172
173	94
302	32
242	79
182	34
209	48
51	220
152	325
210	478
95	294
461	13
247	385
25	466
373	285
120	297
335	419
209	89
288	322
121	284
77	226
142	397
296	251
78	223
63	236
319	263
184	486
227	437
264	350
238	457
389	304
362	140
228	402
95	296
110	401
251	351
381	111
256	34
80	144
447	450
142	489
334	29
422	156
201	170
284	470
255	256
493	32
195	232
178	476
72	29
362	355
250	408
66	53
115	91
147	159
318	303
210	260
266	307
255	495
170	35
67	193
143	75
72	481
95	384
164	161
252	33
199	348
36	448
52	266
340	195
255	86
371	352
14	288
395	195
332	413
315	25
29	288
48	336
253	17
163	137
168	120
356	1
254	352
127	424
126	428
127	460
118	19
55	471
470	247
370	443
348	163
104	26
22	337
3	256
307	390
489	425
477	10
20	268
84	469
39	133
493	69
128	100
381	220
154	352
411	236
361	91
492	262
430	192
454	167
238	210
129	408
210	159
294	142
445	83
197	245
205	239
144	50
499	461
93	134
229	90
17	406
281	81
246	477
243	177
169	226
348	479
386	251
394	219
12	486
96	432
111	424
304	204
211	403
242	366
3	94
305	365
151	223
114	454
82	119
199	213
483	407
219	170
26	363
239	462
272	31
424	491
333	458
324	124
347	266
206	7
58	448
254	79
165	413
287	448
258	303
264	439
102	495
32	326
260	97
65	83
367	226
123	292
286	233
58	357
284	207
306	301
71	286
363	359
356	447
369	439
383	135
49	188
101	123
317	329
142	74
426	351
79	104
44	290
147	71
283	156
357	421
4	457
24	490
401	465
118	500
226	459
28	88
168	186
407	355
403	401
223	185
259	150
464	277
166	230
485	291
87	411
200	343
51	259
95	346
155	479
175	330
359	321
116	257
294	408
179	118
110	217
347	172
24	375
249	181
57	128
342	295
294	71
161	172
4	354
408	327
333	375
25	109
135	319
212	370
283	100
136	411
398	271
177	16
277	125
311	43
467	488
161	318
216	345
268	452
325	41
88	340
287	417
326	290
182	31
77	386
221	159
47	383
52	51
405	145
223	407
365	355
345	331
108	364
187	106
492	154
286	179
400	347
322	216
201	430
196	91
151	309
262	217
467	39
262	276
69	174
473	321
78	188
126	290
241	3
288	198
359	110
381	109
242	253
300	421
297	383
398	121
159	209
33	374
484	126
57	93
359	231
282	84
462	294
387	239
233	301
389	113
451	116
31	426
408	6
454	118
167	61
454	165
431	50
214	454
62	266
2	301
329	164
284	351
70	84
350	397
6	35
123	195
313	304
472	374
148	338
9	76
426	299
212	252
486	481
237	368
255	135
406	441
384	290
481	202
386	373
224	453
263	289
185	431
417	209
174	409
387	5
114	262
20	60
405	339
272	400
476	253
410	309
368	457
96	251
129	98
314	382
320	14
217	190
178	67
230	293
132	20
1	20
32	35
362	400
208	116
391	429
355	237
433	182
483	52
343	449
215	411
466	380
316	45
339	399
189	24
280	91
225	241
85	338
340	493
315	60
233	115
140	401
500	205
466	492
352	64
144	67
175	271
296	243
230	427
43	153
93	185
40	420
85	408
305	372
80	309
199	326
204	326
233	412
65	409
122	128
327	44
88	364
367	331
38	250
137	357
83	191
251	414
164	194
373	482
104	486
121	2
216	230
21	275
404	441
197	100
188	172
364	54
38	56
139	23
334	213
33	382
128	384
491	114
375	279
442	451
226	168
181	279
333	130
485	438
459	202
125	342
395	57
441	442
395	374
470	150
92	207
232	69
193	3
410	114
480	458
101	201
174	485
260	464
347	131
321	16
303	376
240	200
68	63
382	439
444	195
447	244
359	237
259	151
24	85
371	163
103	286
38	140
231	302
93	72
1	122
333	359
270	342
479	417
258	412
276	347
94	250
495	464
255	395
181	154
163	92
125	402
125	425
423	440
153	491
106	283
26	235
388	412
162	493
185	429
285	35
431	370
243	309
378	86
24	275
102	314
111	435
463	198
401	452
376	434
352	380
328	444
192	204
38	158
318	59
403	172
416	32
64	153
85	163
364	463
197	293
415	157
468	478
324	108
184	333
156	388
115	174
456	51
25	202
315	268
445	39
479	330
136	25
2	291
7	38
104	167
17	25
471	172
304	241
9	108
374	192
153	136
39	460
481	106
313	238
371	30
208	446
315	285
39	186
152	108
71	214
181	443
174	211
313	455
255	398
146	76
60	228
399	239
464	281
122	424
382	196
309	359
167	462
170	271
170	166
435	194
418	175
126	378
325	398
350	286
278	24
332	68
34	180
274	296
271	27
286	60
45	51
21	423
50	415
413	340
231	20
371	129
234	162
386	157
30	10
245	51
267	343
53	421
38	459
35	242
299	397
274	135
220	66
373	408
189	275
240	66
189	181
447	136
368	302
302	363
117	374
195	366
458	256
361	234
137	252
123	269
134	229
473	337
112	108
166	280
499	181
256	402
133	374
378	172
300	472
46	145
34	384
263	401
14	7
237	470
119	448
218	226
416	260
427	244
412	181
333	299
405	436
344	231
444	475
58	92
160	220
30	310
161	436
117	74
25	361
470	368
107	330
381	299
140	219
328	58
379	182
350	457
433	437
387	471
354	430
293	288
149	460
83	42
312	4
139	145
150	452
87	231
366	123
309	36
415	293
10	488
86	266
342	190
306	78
22	201
360	221
457	213
374	406
259	233
409	293
47	122
213	454
197	98
412	299
36	193
181	207
301	370
107	394
76	67
2	166
91	435
46	275
313	5
482	400
255	109
144	307
10	229
403	297
332	319
47	193
472	348
107	358
279	345
412	97
389	146
207	127
257	355
426	235
286	249
393	428
199	28
111	54
165	105
444	77
482	271
163	99
150	234
140	364
38	163
363	123
221	77
425	218
283	59
414	176
314	483
288	462
242	335
476	308
408	478
382	94
55	73
221	114
195	138
327	267
49	37
266	199
482	429
25	465
299	353
453	310
357	164
383	401
38	69
468	64
88	495
286	493
19	5
30	409
319	352
116	334
211	21
436	138
158	479
197	21
347	256
443	7
221	145
419	196
230	290
81	382
283	84
13	278
294	84
449	399
482	329
331	43
155	133
375	144
161	32
318	2
467	214
129	234
102	218
431	226
76	71
168	293
294	370
80	294
125	172
75	196
48	341
466	273
200	124
262	355
466	93
448	322
165	233
69	67
352	109
71	96
426	266
191	425
458	15
160	347
298	435
364	355
434	185
241	249
390	393
91	450
260	57
93	391
363	100
289	163
281	233
319	94
377	47
292	174
135	26
205	124
336	474
152	359
397	322
105	385
454	346
220	248
239	242
190	183
339	253
297	167
103	91
165	399
13	208
108	288
63	307
147	224
147	79
433	54
48	423
435	355
273	195
349	419
56	294
385	395
141	235
261	413
300	153
165	81
196	162
29	419
258	249
100	73
214	7
70	122
99	139
79	103
305	385
408	249
426	17
125	495
214	311
92	441
36	122
12	445
279	418
174	302
143	318
391	25
110	344
99	179
139	9
174	40
144	78
219	301
429	483
142	386
235	111
353	499
115	376
1	434
156	124
57	32
300	115
259	211
126	427
114	103
128	230
301	323
134	247
250	159
23	476
158	477
273	440
89	337
231	6
209	305
330	128
433	469
71	303
213	275
394	323
465	233
204	100
174	183
283	187
7	96
362	401
84	25
38	149
287	288
173	12
285	121
329	362
380	159
373	82
492	221
174	298
4	201
119	46
66	137
354	282
262	435
334	485
126	49
329	71
482	197
446	162
317	45
46	332
49	202
386	267
26	77
480	315
223	215
499	277
335	430
126	253
335	306
156	84
449	75
97	300
339	37
225	300
1	53
455	492
132	138
234	334
345	498
172	221
290	268
324	89
392	314
446	39
121	42
443	103
27	221
306	6
383	436
360	157
468	183
383	209
359	371
297	148
92	334
341	90
155	360
220	107
430	105
177	124
25	214
57	339
32	380
105	75
163	111
17	138
467	380
446	175
413	181
454	483
112	369
198	97
496	282
264	101
397	482
286	419
112	242
371	157
408	165
325	390
55	52
383	163
208	456
363	441
40	380
38	101
56	13
499	493
86	348
449	92
113	390
389	111
154	266
312	405
469	258
253	280
32	375
105	321
422	139
106	482
163	471
157	137
47	282
424	88
180	211
92	22
299	314
239	214
288	15
197	257
61	350
170	204
129	400
366	353
400	49
36	307
252	392
2	316
173	84
443	37
259	15
99	265
346	258
39	461
405	93
220	48
230	191
88	147
415	353
360	14
361	475
396	488
90	263
215	337
472	68
429	167
311	65
356	191
137	450
35	119
389	118
75	386
320	28
123	336
40	387
206	266
126	459
158	329
307	261
171	131
269	322
396	437
191	401
301	64
254	193
74	313
101	124
266	315
107	405
68	92
380	335
54	83
481	123
311	32
467	56
8	293
340	282
196	163
380	390
126	335
172	273
78	462
234	206
399	127
6	284
218	465
62	491
100	19
498	238
329	486
452	258
149	120
357	96
237	235
34	299
59	11
69	198
82	243
321	396
488	100
14	327
329	72
475	357
190	148
108	273
178	382
102	288
342	482
115	128
471	361
206	496
228	422
355	394
195	425
443	138
500	61
259	171
57	471
225	111
93	307
238	167
328	52
401	86
292	477
11	461
369	284
62	458
270	287
247	317
443	107
302	178
368	386
118	5
251	277
85	108
374	367
399	468
157	451
180	103
312	258
252	412
95	139
487	139
381	414
33	477
277	72
104	187
48	126
255	413
173	166
182	165
75	347
481	342
284	160
140	453
456	35
86	202
420	421
85	28
244	28
125	259
147	420
430	134
318	488
367	188
98	246
280	21
5	348
128	433
347	71
199	405
241	363
375	292
293	387
114	417
19	85
476	456
237	217
447	149
259	313
76	318
140	338
341	134
65	281
61	1
375	494
178	131
249	218
90	244
398	118
286	116
353	364
160	182
202	90
209	94
441	312
191	323
61	209
255	222
168	449
389	53
9	489
494	347
434	491
103	201
177	48
472	351
160	339
32	332
19	391
398	289
91	9
367	428
63	249
186	349
361	337
167	49
367	175
247	363
441	162
465	398
497	10
331	79
338	439
453	184
313	496
189	393
292	56
335	214
333	236
43	134
336	499
473	494
456	95
368	217
35	60
319	82
403	450
288	391
51	194
449	81
475	216
347	83
375	416
105	179
118	26
302	339
237	352
74	145
333	242
350	321
383	63
354	250
111	443
291	319
66	155
69	249
482	276
36	168
344	150
126	16
375	444
358	105
189	184
80	147
205	111
209	435
101	466
143	373
435	282
281	416
496	455
288	461
358	43
304	266
268	293
484	392
18	220
322	480
462	296
398	112
321	298
461	257
331	467
384	467
247	356
471	142
379	403
121	292
312	176
317	31
476	116
493	193
106	174
424	227
487	68
447	73
235	189
68	90
466	390
135	78
111	103
101	277
239	324
143	440
442	170
116	29
61	484
240	276
313	436
11	162
272	5
478	361
346	230
282	242
21	376
296	435
331	141
461	389
182	243
227	304
27	75
59	77
332	101
116	180
399	390
60	257
223	191
347	498
281	193
33	115
85	31
207	31
76	126
60	440
220	379
386	213
138	415
429	495
458	379
239	114
28	280
461	93
428	294
244	134
432	195
286	49
457	263
404	259
291	24
259	242
347	196
92	228
214	171
229	174
330	39
7	274
331	162
206	54
20	453
302	298
297	124
468	487
223	314
48	269
423	126
192	406
111	74
337	156
155	183
219	185
414	334
207	485
59	21
113	224
18	445
440	228
227	342
413	25
427	347
297	287
56	444
318	4
46	9
388	111
207	249
170	152
194	471
64	296
340	348
322	180
459	317
436	437
108	146
51	463
358	446
272	182
47	137
123	436
327	472
155	317
87	38
346	61
311	266
189	45
208	441
84	295
329	220
219	400
155	290
240	294
486	217
259	336
137	125
270	189
151	245
77	364
421	366
95	291
482	137
120	418
234	492
56	477
374	69
115	344
232	487
38	162
135	393
349	171
206	415
127	392
221	341
341	171
221	86
185	499
60	78
216	308
32	134
29	494
350	80
102	185
426	122
498	408
143	90
479	190
1	165
38	307
46	43
221	315
410	145
96	458
47	333
130	463
383	343
492	419
383	467
436	333
401	100
162	119
5	407
88	66
285	408
261	75
198	58
197	490
246	325
320	129
22	256
408	420
205	426
172	86
322	345
455	110
159	73
128	406
63	105
467	44
253	271
328	468
261	129
250	77
462	491
307	19
404	11
126	256
200	359
1	402
187	10
224	121
191	134
382	53
312	300
318	141
197	16
276	329
385	254
185	286
117	126
465	400
250	392
188	76
212	35
227	155
465	154
199	421
254	63
130	394
133	400
14	76
234	200
339	55
31	348
206	236
68	458
286	141
456	192
126	404
436	326
89	419
280	293
181	270
269	278
416	348
312	462
428	123
182	80
370	384
366	339
86	114
497	357
361	81
74	447
173	73
244	179
376	227
372	489
149	197
34	194
231	303
396	98
104	262
293	100
361	470
187	424
422	27
47	314
4	335
270	313
23	385
174	131
28	118
287	473
32	141
28	19
58	398
319	314
373	414
159	344
45	372
116	404
12	249
217	125
72	296
390	475
187	427
154	477
68	214
62	465
69	12
229	13
189	264
483	335
23	163
364	403
110	342
123	235
88	335
122	111
393	210
450	422
75	369
253	487
439	289
276	312
492	76
70	338
94	32
53	405
162	374
203	382
470	386
373	57
475	211
133	422
96	106
281	362
338	211
462	424
340	50
464	113
143	134
252	413
493	52
258	291
359	266
389	231
295	414
17	100
76	6
133	406
495	499
238	163
479	182
414	92
354	226
431	124
222	306
348	79
149	97
328	226
126	247
404	225
374	425
347	367
489	403
104	92
277	83
328	147
396	30
186	155
490	226
60	483
237	143
154	235
349	46
59	288
167	447
420	361
252	333
73	162
228	255
293	497
432	408
261	192
312	5
348	253
496	260
387	376
410	478
466	102
170	258
63	425
114	176
370	486
255	480
264	174
360	11
270	247
323	99
53	138
254	97
118	429
157	358
383	311
6	13
480	326
298	417
30	484
38	62
195	464
446	445
436	213
136	260
207	93
112	180
471	308
246	365
435	408
287	178
86	478
26	266
448	82
496	471
171	2
357	207
71	319
172	175
221	393
494	144
391	13
230	255
74	270
23	41
53	326
169	158
253	246
108	180
325	48
55	449
216	365
334	179
293	44
483	422
458	195
37	7
164	85
207	171
302	142
77	284
312	238
323	228
253	175
458	89
95	54
46	489
495	301
419	222
165	66
404	45
160	107
250	181
207	302
264	401
369	49
287	453
317	407
35	437
53	135
354	263
471	26
106	154
322	135
404	228
153	237
364	154
35	444
486	149
117	162
272	451
217	473
116	187
297	153
36	458
229	101
172	413
54	13
162	452
260	223
274	290
441	390
97	189
223	34
388	16
336	266
465	108
10	254
317	231
494	417
358	395
476	293
194	14
99	289
360	300
232	208
471	21
262	201
484	360
67	174
57	287
415	381
276	385
312	251
414	287
227	173
299	154
184	41
333	165
360	3
19	467
359	289
456	233
230	302
27	337
55	392
42	57
345	110
402	271
446	96
180	216
83	187
467	251
412	294
129	82
323	115
405	40
166	229
112	131
143	35
133	451
363	84
491	220
295	128
272	376
473	412
230	443
239	175
128	296
196	216
30	194
58	464
198	379
253	252
200	375
269	138
382	142
244	433
338	165
213	163
421	6
371	461
69	330
77	477
7	326
102	132
102	122
341	323
169	389
121	474
466	62
394	36
275	47
55	111
385	32
329	241
365	275
375	498
192	258
33	488
228	357
317	188
223	405
422	430
60	371
276	251
76	164
273	225
61	253
401	323
137	289
479	478
230	97
178	312
359	489
482	347
23	413
399	62
118	85
202	410
423	288
235	107
360	343
214	79
52	323
191	313
153	282
303	355
307	404
235	62
307	499
164	340
355	307
336	246
159	477
148	405
485	238
498	62
192	218
77	458
129	433
38	171
386	466
373	348
112	319
421	157
32	368
372	247
192	143
386	369
460	87
437	59
248	306
292	221
63	332
460	112
174	189
325	123
337	34
283	120
445	233
277	16
76	442
198	47
234	412
195	102
434	406
325	6
446	223
467	280
155	112
427	240
260	310
62	295
124	52
433	432
398	486
113	142
16	13
179	291
435	354
59	341
307	54
315	139
275	59
480	396
247	139
441	212
301	51
274	347
354	309
350	151
226	381
17	306
463	47
336	74
3	37
117	22
304	74
343	430
219	476
398	129
344	242
487	154
381	257
46	496
485	253
231	403
496	198
391	328
28	239
299	247
85	37
74	282
468	416
275	136
424	211
61	27
283	81
474	95
248	177
126	445
149	66
468	194
214	17
89	184
490	283
184	153
2	49
106	357
88	139
51	398
466	425
180	146
87	348
91	54
425	428
220	64
295	192
457	494
45	3
276	216
82	334
17	314
417	183
439	35
328	441
364	321
301	278
268	90
11	206
380	104
369	158
97	432
115	317
377	433
131	172
389	252
231	115
383	199
126	56
208	106
299	486
132	87
388	348
151	180
178	71
19	121
268	335
205	29
218	383
186	42
253	500
456	280
372	386
9	279
134	339
383	35
40	47
251	104
118	347
85	183
229	74
97	190
157	117
87	79
322	130
107	449
156	425
471	47
80	54
246	162
127	461
311	338
309	46
303	476
224	301
38	275
258	408
185	389
465	151
490	353
276	343
71	462
385	60
93	123
391	67
172	36
354	25
441	25
333	101
134	487
182	212
64	103
344	402
357	489
208	19
399	467
160	457
286	453
450	251
17	392
324	51
222	36
36	100
171	39
9	167
47	459
310	6
105	41
407	410
63	142
462	406
375	422
167	367
355	443
38	37
405	420
349	437
47	445
162	214
176	136
31	474
6	62
23	227
169	431
290	112
428	160
457	23
308	158
247	125
286	354
172	28
190	254
335	446
100	31
281	18
486	327
441	248
453	92
90	399
301	361
169	426
4	29
259	129
127	375
66	235
247	472
373	110
80	125
218	364
340	16
360	393
162	350
289	58
115	238
331	482
447	443
83	420
133	432
259	439
236	91
138	283
322	311
157	142
16	343
193	75
306	421
208	127
313	79
349	371
258	226
247	469
12	388
199	134
258	420
12	203
145	426
81	263
438	441
166	77
313	94
173	10
396	482
82	28
339	178
144	468
115	154
437	21
399	264
151	411
201	51
365	139
186	460
258	287
261	299
44	233
189	373
101	424
236	157
48	460
190	325
137	272
29	424
287	334
187	491
6	259
299	295
416	349
461	472
8	499
364	480
150	256
105	434
302	71
37	17
98	191
379	172
290	57
430	52
305	132
59	347
396	317
255	379
363	377
3	39
465	492
119	105
27	144
271	434
232	100
407	132
447	401
308	377
202	454
132	270
298	25
234	82
315	393
115	440
224	64
280	103
7	455
101	355
107	485
247	225
342	153
439	87
176	161
51	170
49	249
465	196
219	398
224	25
453	376
318	396
331	107
159	14
229	404
444	94
267	473
474	78
143	117
160	260
279	187
82	429
32	417
369	234
486	239
74	369
198	74
270	275
358	195
329	145
281	88
146	40
277	145
378	454
215	230
339	74
219	499
8	88
176	272
23	433
480	332
414	202
367	464
457	421
28	339
410	261
100	167
314	287
93	174
71	313
397	398
207	57
165	310
40	421
232	158
312	199
125	297
468	99
160	437
91	492
46	278
244	234
371	194
227	1
20	141
255	447
59	329
70	329
453	137
497	81
324	251
211	184
496	373
495	460
33	297
57	274
438	362
436	343
402	398
64	374
406	426
419	55
157	477
35	375
211	71
460	393
356	460
143	15
162	434
238	267
419	241
45	217
270	20
343	391
487	320
139	165
262	148
347	45
181	157
417	336
475	22
39	206
194	287
192	25
208	300
115	262
442	412
488	181
340	66
77	283
264	281
407	88
8	379
489	10
38	199
315	318
231	59
299	253
275	139
372	288
317	196
132	107
380	407
332	452
288	397
425	110
50	443
409	164
338	294
446	240
356	217
327	23
481	406
196	143
362	381
15	390
273	266
12	285
243	466
352	37
281	361
462	265
219	115
146	440
334	403
339	336
330	475
10	463
379	161
52	304
203	265
128	74
156	428
40	440
217	180
125	489
123	78
57	406
358	188
365	44
110	223
80	56
407	160
299	460
307	429
244	57
91	85
414	296
219	449
475	171
378	135
334	52
39	444
115	345
300	55
485	45
299	420
351	317
410	416
147	422
230	449
59	259
382	311
335	117
293	223
50	125
440	180
14	49
424	58
54	7
227	214
139	254
261	23
93	403
210	328
290	227
435	37
81	222
166	123
148	133
136	412
315	200
179	220
311	79
161	335
107	259
248	33
96	126
463	274
346	33
254	434
427	343
253	120
283	166
498	60
156	447
471	473
385	377
262	371
21	353
363	384
97	202
95	25
274	148
494	343
440	398
24	102
288	224
315	165
183	185
268	156
257	403
149	425
160	205
436	431
16	465
247	121
356	138
332	403
122	312
325	348
107	247
499	482
277	446
407	375
27	453
479	118
478	230
115	316
468	107
222	373
83	133
254	134
454	156
22	353
268	86
119	64
329	100
312	95
261	95
492	153
287	416
489	347
317	169
357	214
194	138
382	218
453	170
194	452
317	267
276	177
404	167
489	18
28	240
192	215
11	436
489	229
229	377
266	108
240	160
261	88
312	169
306	101
228	334
452	136
297	141
123	349
491	53
285	240
417	236
134	19
382	301
8	239
314	38
481	497
427	407
198	471
162	124
196	55
169	377
348	497
385	309
449	66
284	244
356	212
256	117
401	88
493	494
253	229
270	27
420	63
43	263
157	368
387	81
140	325
215	51
488	377
46	156
325	393
94	199
199	455
259	98
315	293
275	268
489	168
14	222
159	346
50	168
265	283
470	231
18	223
274	494
6	289
76	154
316	158
150	13
96	19
318	65
346	71
151	439
49	144
410	236
298	370
473	204
43	5
195	172
99	297
105	424
337	126
335	93
104	264
84	275
175	85
334	272
493	204
323	458
174	116
288	46
378	414
44	230
125	467
342	412
101	42
119	165
314	188
464	363
236	183
488	305
196	223
425	463
133	263
116	308
270	383
164	411
114	376
103	256
124	187
46	495
447	389
226	394
290	468
498	483
256	336
8	203
9	223
210	131
112	21
16	483
394	178
228	240
182	377
243	157
291	257
119	250
67	415
394	31
403	307
275	445
429	241
300	78
88	254
280	203
381	77
80	363
307	190
78	405
374	477
210	479
25	82
91	152
304	159
86	332
441	369
369	184
268	245
171	307
417	18
476	454
196	185
9	56
264	64
258	214
252	161
416	34
468	319
107	128
300	45
128	45
214	116
300	380
179	395
207	178
125	139
362	49
349	250
234	461
179	284
315	99
199	487
207	450
248	479
190	162
183	338
60	211
435	164
398	167
378	211
483	229
383	477
222	7
254	41
322	131
188	334
114	54
462	299
307	244
261	255
269	260
440	308
302	133
123	399
260	47
244	455
135	192
74	203
213	122
70	429
138	407
311	265
197	151
73	231
420	74
104	476
252	140
102	331
368	67
204	197
9	284
68	11
282	226
101	49
248	331
207	158
421	109
150	38
81	264
453	405
221	377
217	82
164	162
432	316
302	358
35	215
303	308
103	250
179	131
364	277
64	173
197	116
259	111
403	200
263	244
90	118
167	261
132	472
154	355
218	434
39	317
63	306
52	230
489	481
83	417
418	106
361	343
168	333
192	339
281	454
67	429
329	120
58	227
333	297
98	436
147	426
153	389
279	94
74	370
184	169
296	463
133	326
362	464
372	58
461	364
296	405
493	241
306	337
117	99
404	366
136	253
257	67
419	351
171	104
310	313
423	244
38	313
13	270
432	305
181	109
425	77
306	67
214	201
173	383
217	195
222	498
84	310
269	95
87	219
303	418
385	483
466	179
371	97
226	350
443	449
225	114
274	138
494	159
500	51
494	488
29	60
156	395
291	118
84	65
141	444
90	123
387	410
106	261
270	26
10	243
163	160
399	287
172	486
74	386
171	374
488	295
43	6
155	232
149	357
45	134
69	411
113	325
94	384
461	341
125	64
210	214
169	298
215	408
135	434
116	339
279	439
496	317
338	69
455	80
138	477
445	127
399	212
195	329
451	9
103	420
108	141
30	455
356	232
21	174
401	14
187	368
459	395
210	331
451	158
396	379
37	467
364	92
140	44
301	450
238	218
116	104
53	180
207	44
83	395
329	11
116	138
456	276
358	218
78	163
146	278
44	58
166	297
216	270
154	98
17	75
401	338
332	457
87	155
195	332
479	456
454	5
91	376
139	299
369	288
382	11
319	107
391	369
149	450
10	200
11	111
225	244
213	429
153	490
15	312
61	49
10	324
115	493
346	302
452	469
74	188
233	130
113	351
27	398
402	238
130	344
118	374
396	114
74	273
222	94
290	104
434	51
343	211
295	99
302	316
187	8
259	205
492	299
238	70
46	295
333	153
122	112
23	140
175	360
234	318
71	104
265	40
381	329
442	407
334	31
330	260
239	252
220	45
210	404
300	393
226	4
425	306
244	88
264	448
443	182
170	376
236	251
368	446
43	92
138	248
445	46
342	377
1	32
52	179
342	80
404	495
250	416
261	164
84	451
414	63
450	349
84	105
439	143
79	99
194	445
232	372
145	292
451	325
261	476
409	485
168	313
223	156
147	65
122	405
428	65
457	76
81	64
170	367
13	357
154	478
123	136
210	85
250	125
350	361
415	363
370	318
21	469
194	102
166	211
331	451
363	157
308	405
300	349
476	221
274	318
252	141
275	247
135	39
493	63
262	23
107	7
150	368
420	121
99	480
190	335
413	70
303	461
60	289
30	438
450	327
114	240
299	180
274	270
117	328
396	21
330	288
346	266
479	429
178	322
474	8
15	461
233	435
156	358
260	421
67	23
7	310
8	27
158	337
87	488
475	104
131	114
445	347
240	494
23	63
411	95
127	87
259	376
393	194
289	267
298	50
359	344
409	81
70	12
75	266
23	107
377	302
475	480
116	299
468	136
340	151
276	306
462	480
130	436
379	114
388	266
10	471
292	368
448	315
104	106
193	333
234	463
393	9
204	461
361	297
221	127
223	172
178	151
21	329
303	405
235	230
452	181
391	442
463	213
499	137
187	413
341	139
455	354
11	349
137	80
84	321
384	456
410	455
202	451
278	103
89	370
455	358
475	459
435	474
443	429
255	496
393	351
334	367
466	239
426	467
62	261
190	134
76	16
381	145
495	212
247	284
368	327
397	395
336	462
266	188
79	278
26	349
102	435
41	140
386	465
314	255
125	496
185	99
199	117
457	105
171	201
126	483
124	299
332	228
186	43
497	56
349	454
451	391
461	339
157	261
111	63
110	310
118	487
181	134
478	462
65	440
417	51
67	12
126	359
341	288
368	221
126	400
